20101028,3.75,4.18,3.4,3.95,207981,0
20101029,4.25,5.35,3.8,5.14,275534,0
20101102,5.45,5.99,4.82,4.86,118863,0
20101103,4.74,5.02,4,4.36,86129,0
20101104,4.4,4.65,4.3,4.35,16078,0
20101105,4.41,4.5,4.09,4.09,25349,0
20101108,4.17,4.49,4.05,4.37,23155,0
20101109,4.4,4.63,4.22,4.57,12548,0
20101110,4.58,4.59,4.41,4.42,2648,0
20101112,4.43,5,4.35,5,44096,0
20101115,5.24,6.97,5.24,6.69,80929,0
20101116,7,8.29,6.4,7.42,99349,0
20101117,7.5,8.8,7.5,8.7,69654,0
20101118,9.17,11,9.13,11,107167,0
20101119,11.7,12.3,8.99,8.99,90947,0
20101122,8.62,9.89,7.2,8.55,52023,0
20101123,8.49,8.49,7.51,8.12,11800,0
20101124,8,9.5,7.65,8.43,21951,0
20101125,8.65,9.44,8.32,8.9,5395,0
20101126,8.9,9.2,8.55,8.74,1809,0
20101129,8.99,9.3,8.52,8.81,7616,0
20101130,8.9,8.9,8.33,8.68,6158,0
20101201,8.99,11.18,8.53,11.18,50352,0
20101202,11.8,12.3,10.2,11.5,68913,0
20101203,11.5,11.5,10,10.2,25847,0
20101206,10.4,10.78,9.4,10.5,15847,0
20101207,10.49,10.49,9.31,9.5,10508,0
20101208,9.55,10.05,9.05,9.72,8708,0
20101209,9.7,9.7,9.2,9.64,5172,0
20101210,9.32,9.45,9,9.35,2635,0
20101213,9.35,9.4,9,9,4046,0
20101214,9.05,9.29,8.7,8.8,5935,0
20101215,9.2,10.81,8.75,9.95,23949,0
20101216,10.05,10.05,8.95,9,17191,0
20101217,9.02,9.69,8.76,8.81,14978,0
20101220,8.81,8.81,8.11,8.49,18420,0
20101221,8.17,9.2,8.14,8.84,7046,0
20101222,8.84,8.84,8.13,8.3,3732,0
20101223,8.34,8.45,8.11,8.19,6773,0
20101227,8.12,8.12,7.6,7.78,3967,0
20101228,7.77,7.96,7.15,7.35,12903,0
20101229,7.29,7.35,7.2,7.35,3627,0
20101230,7.35,7.9,7.3,7.51,4373,0
20101231,7.51,7.78,7.51,7.58,1007,0
20110103,7.33,8.19,7.32,8.19,3395,0
20110104,8,9.5,7.56,8.98,6649,0
20110105,8.7,8.7,8.1,8.3,1580,0
20110107,8.21,8.5,8.21,8.45,2490,0
20110110,8.45,8.45,7.86,8.02,2013,0
20110111,8.02,8.02,7.7,7.9,1573,0
20110112,8.01,8.05,8,8.01,1435,0
20110113,7.9,8.25,7.9,8.1,802,0
20110114,8,8,7.65,7.95,2955,0
20110117,7.99,9.5,7.95,9.05,20156,0
20110118,9.05,9.05,8.31,8.72,4897,0
20110119,8.72,8.8,8,8.4,5476,0
20110120,8.4,9.3,8.1,9.15,7136,0
20110121,9.1,9.35,8.7,8.7,6655,0
20110124,8.75,9.5,8.75,9.38,11887,0
20110125,9.5,10,9.06,9.77,9532,0
20110126,9.6,11.14,9.4,10.9,24704,0
20110127,11.2,11.8,10.51,10.9,25037,0
20110128,10.79,10.8,10,10.69,5274,0
20110131,10.7,10.71,10.02,10.45,4960,0
20110201,10.21,10.8,10.2,10.35,4328,0
20110202,10.23,11,10.01,11,8400,0
20110203,11,11.52,10.8,11.4,3150,0
20110204,11.11,11.35,10.89,11.35,4233,0
20110207,11.27,11.27,10.62,11.23,3387,0
20110208,11.19,11.19,10.28,10.74,6153,0
20110209,10.6,10.99,10.45,10.75,2390,0
20110210,10.95,12,10.9,11.05,13582,0
20110211,11.21,11.3,10.8,11.25,6088,0
20110214,11.1,11.11,10.81,11.03,2450,0
20110215,11,11,10.5,10.85,5191,0
20110216,10.85,10.85,9.5,10.28,8158,0
20110217,10.28,10.5,9.9,10.2,5932,0
20110218,10.25,10.25,9.4,9.8,7803,0
20110221,9.5,9.59,9.05,9.31,7760,0
20110222,9.3,9.94,9,9.83,5305,0
20110223,9.8,10.5,9.61,9.8,4292,0
20110224,9.7,9.93,9.16,9.5,3242,0
20110225,9.65,10.5,9.65,10.2,3407,0
20110228,10.5,10.7,10.2,10.7,6419,0
20110301,10.78,10.8,10,10.1,3777,0
20110302,10.05,10.79,10,10.63,7146,0
20110303,10.63,10.65,10.1,10.65,3239,0
20110304,10.59,11.45,10.59,11.39,12648,0
20110307,11.56,11.56,11.05,11.41,3795,0
20110308,11.43,11.43,11.05,11.35,1996,0
20110309,11.43,11.43,10.9,11.33,2987,0
20110310,11.2,11.4,11,11.33,2880,0
20110311,11.33,11.33,11,11.3,800,0
20110314,11.3,11.8,11,11.79,7908,0
20110315,11.51,11.7,11.1,11.57,8414,0
20110316,11.58,16.65,11.58,16.6,44472,0
20110317,17.01,18.61,15.66,16.2,40242,0
20110318,17,18.2,16.5,17.5,8712,0
20110321,17.6,21.14,17.6,21.14,38104,0
20110322,20.99,24.85,19.65,23.8,42502,0
20110323,23.69,26,22.61,23.7,46439,0
20110324,23.7,24.7,22.25,24.25,20278,0
20110325,24.4,26.44,22.5,23.56,51087,0
20110328,24,26.19,24,25.15,19209,0
20110329,25.89,26.49,24.3,24.95,14668,0
20110330,25.26,25.69,20.36,21.4,23181,0
20110331,22,24.55,19.5,23.5,44019,0
20110401,24,25,23,24,8769,0
20110404,24.9,24.9,23.1,24,5008,0
20110405,23.99,25.29,22.8,25.15,13204,0
20110406,25.5,25.85,24.3,24.73,7626,0
20110407,24.73,24.95,23.1,24.49,8048,0
20110408,24.49,24.9,23.62,24,7780,0
20110411,24.5,24.5,22,22.87,7784,0
20110412,22.8,22.8,20.8,21.38,12157,0
20110413,21.99,21.99,19.57,20.5,15462,0
20110414,20.55,21.7,20.5,21,5250,0
20110415,21.97,22.98,21,22.5,12614,0
20110418,22.85,22.85,22,22.39,5837,0
20110419,22.2,22.2,20.9,21,5665,0
20110420,21,21,19.6,20,5173,0
20110421,19.94,19.94,18.55,18.85,11043,0
20110426,18.65,18.85,16.5,17.4,17382,0
20110427,17,18.95,16.5,18.19,12290,0
20110428,18.38,19.48,17.02,18.79,13672,0
20110429,18.75,19.2,18,18.3,3477,0
20110502,18.22,18.25,17,17.16,5519,0
20110504,17.05,17.92,15.52,17.05,9554,0
20110505,17.4,17.4,16,16.9,8799,0
20110506,16.52,16.52,16.01,16.44,2037,0
20110509,16.44,17.1,16.3,16.7,2029,0
20110510,16.66,16.66,16.1,16.18,2485,0
20110511,16.18,16.95,16.18,16.48,2610,0
20110512,16.3,17,15.83,17,2798,0
20110513,16.95,18.58,16,17.5,6664,0
20110516,17.2,17.2,16.5,17,3601,0
20110517,17.9,17.9,16,16.79,5023,0
20110518,16.79,16.79,16.01,16.2,2006,0
20110519,16.2,16.6,16.06,16.5,1643,0
20110520,16.55,16.6,15.6,16.25,1749,0
20110523,16.17,16.17,15.9,16.05,3042,0
20110524,16,16.2,15.52,16.2,2831,0
20110525,16.05,16.05,15.9,16,586,0
20110526,16.01,16.05,15.56,15.56,2204,0
20110527,15.51,15.6,14.56,15.6,4560,0
20110530,15.79,15.79,15,15.01,1426,0
20110531,15,15.13,14.15,14.46,5519,0
20110601,14.05,14.05,13.2,13.7,5630,0
20110602,13.84,13.9,12.71,13.35,3223,0
20110603,13.55,13.55,12,13.25,3201,0
20110606,12.5,16,12.39,15.7,7116,0
20110607,16,18.5,15.99,18.3,16193,0
20110608,18.4,19,17.5,17.65,8652,0
20110609,18,19.6,18,19.2,11130,0
20110610,19.19,19.19,17.21,17.72,3362,0
20110613,17.3,19.2,17.11,17.65,10656,0
20110614,17.66,17.71,17,17.25,2065,0
20110615,17.25,18.35,17.25,17.9,1628,0
20110616,17.85,17.85,16.2,16.99,5169,0
20110617,16.15,17.16,15.54,16.23,2376,0
20110620,16.4,16.4,14.5,15.1,3715,0
20110621,14.5,15,14.17,14.2,1615,0
20110622,14.15,15.93,13.8,14.56,2744,0
20110624,14.56,15.82,14.56,15,865,0
20110627,15,15,12,13.05,10503,0
20110628,13,13,12.31,12.97,5638,0
20110629,12.89,13.9,12.89,13.6,6942,0
20110630,13.4,15.3,13.4,15,4457,0
20110701,15,15.39,14.08,14.9,2335,0
20110704,14.7,14.7,13.55,13.66,1426,0
20110705,13.8,14.64,13.8,13.8,542,0
20110706,14,14.5,13.99,14,1920,0
20110707,14.15,14.38,13.1,13.46,2050,0
20110708,13.46,14,13.01,13.1,2879,0
20110711,13.2,14.1,12.3,13.1,3820,0
20110712,13,13,12.31,12.5,3865,0
20110713,13,13.98,12.99,13.2,1437,0
20110714,13.19,13.49,13,13,1199,0
20110715,13,13.43,12.91,13.43,613,0
20110718,13.45,13.45,12.8,13.1,325,0
20110719,12.8,12.85,12.7,12.7,641,0
20110720,12.89,13.41,12.89,13,365,0
20110721,13,13.9,13,13.9,2128,0
20110722,13.99,13.99,13.6,13.85,1057,0
20110725,13.9,14.48,13.89,14,1355,0
20110726,14,14.45,14,14.45,380,0
20110727,14.25,15,14.2,14.95,2870,0
20110728,14.55,14.55,13.01,13.1,6213,0
20110729,13.01,13.64,12.95,13.09,1772,0
20110801,13.5,13.5,13,13.15,1478,0
20110802,13,13.27,13,13.27,1391,0
20110803,13.05,13.07,11.7,12.3,3951,0
20110804,11.9,12.5,10,10.4,7223,0
20110805,8.3,9.79,8.3,9.7,6380,0
20110808,9.2,9.2,8.6,9,2015,0
20110809,8.3,10.8,8.05,10.8,6356,0
20110810,12.8,13.5,10.5,11.29,9479,0
20110811,11.5,12.5,10.5,12.5,10653,0
20110812,13.1,14.2,13.1,13.6,15562,0
20110816,13.77,13.77,11,11.2,14489,0
20110817,10.92,11.45,10.3,11,8631,0
20110818,10.65,11.19,10.3,10.33,7615,0
20110819,10.28,11.14,9.21,11,6017,0
20110822,11,11,10.45,10.55,905,0
20110823,10.55,10.78,10.2,10.5,4232,0
20110824,10.75,10.75,10.2,10.35,297,0
20110825,10.78,11.3,9.99,10.69,14550,0
20110826,10.69,10.99,10.4,10.8,5740,0
20110829,10.8,10.81,10.35,10.6,5214,0
20110830,10.7,10.78,10.35,10.6,5239,0
20110831,10.6,10.69,10.2,10.2,1823,0
20110901,10.32,10.55,10.29,10.34,1746,0
20110902,10.34,10.4,9.63,9.8,3174,0
20110905,9.78,9.78,8.5,9.26,2293,0
20110906,9.48,9.48,8.49,8.8,2038,0
20110907,8.8,9.43,8.03,9.24,6074,0
20110908,9.23,9.23,8.8,9.22,300,0
20110909,9.4,9.45,9,9.28,212,0
20110912,8.61,8.61,7.9,8,4020,0
20110913,8.15,8.37,7.9,8.11,7352,0
20110914,8.25,8.25,7.7,8.14,864,0
20110915,8.11,8.18,7.51,7.9,1576,0
20110916,7.98,8.45,7.98,8.45,2025,0
20110919,8.51,8.55,7.8,8,2194,0
20110920,8,8.45,8,8.37,369,0
20110921,8.12,8.12,7.65,8,2425,0
20110922,7.5,8.35,6.5,7.29,3962,0
20110923,6.75,7.18,6.55,7.15,2132,0
20110926,7.14,7.9,6.92,7.45,456,0
20110927,7.45,8,7.45,7.96,982,0
20110928,7.9,7.9,7.25,7.5,720,0
20110929,7.45,7.45,7,7.2,2570,0
20110930,7.2,7.2,6.2,7.1,7457,0
20111003,7,7.46,6.5,7.38,4810,0
20111004,7.36,7.36,6.82,6.82,560,0
20111005,6.97,7.1,6.57,7.07,4374,0
20111006,6.98,7,6.7,6.9,2389,0
20111007,6.95,7.2,6.9,7.2,4298,0
20111010,7.48,8.64,7.48,8.19,12137,0
20111011,8.4,8.55,7.68,8.55,5567,0
20111012,8.63,9.2,8,9,4522,0
20111013,9,9,8.5,8.5,1762,0
20111014,8.5,9,8.22,8.35,1489,0
20111017,8.55,8.7,8.1,8.1,2129,0
20111018,8.1,8.35,8,8.15,715,0
20111019,7.95,8.3,7.95,7.95,1305,0
20111020,7.9,8.1,7.9,7.9,521,0
20111021,7.9,8.5,7.9,8.45,513,0
20111024,8.5,8.5,8.36,8.5,2089,0
20111025,8.5,8.5,8,8.1,845,0
20111026,8.25,8.35,8,8.28,2580,0
20111027,8.28,8.4,8.22,8.23,1069,0
20111028,8.23,8.32,8.15,8.32,5457,0
20111031,8.32,9.9,8.32,9.6,8493,0
20111102,8.5,9.05,8.5,9.05,1826,0
20111103,9.15,9.15,8.71,9,974,0
20111104,9,9.1,8.7,8.71,648,0
20111107,8.8,9.1,8.72,9.1,134,0
20111108,9,9.1,8.88,8.9,774,0
20111109,9,9.08,7.5,8.2,4368,0
20111110,8.11,8.4,8.11,8.4,102,0
20111114,8.45,8.85,8.45,8.85,311,0
20111115,9.09,13.08,9.09,13.08,61499,0
20111116,14,16.8,13.71,14.52,88291,0
20111117,14.99,15.17,12.9,13.2,31564,0
20111118,12.55,13.29,11.8,11.8,15148,0
20111121,11.7,12.99,11.15,12.5,31471,0
20111122,12.91,12.92,10.8,10.92,11358,0
20111123,11,11.22,10.32,10.4,4208,0
20111124,10.4,10.8,10.2,10.78,3960,0
20111125,10.8,10.83,10.01,10.69,7455,0
20111128,10.69,11.2,10.3,10.8,2390,0
20111129,10.6,11,10.33,10.35,7076,0
20111130,10.4,11.95,10.05,11.38,19485,0
20111201,12.2,12.2,10.75,10.75,12460,0
20111202,10.99,11.2,10.8,10.91,1314,0
20111205,10.9,10.91,10.62,10.64,1501,0
20111206,10.65,10.79,10.5,10.54,2478,0
20111207,10.5,10.53,10.41,10.5,2082,0
20111208,10.45,10.46,10,10.14,7455,0
20111209,10.12,10.86,9.75,10.51,3500,0
20111212,10.5,10.89,10.4,10.4,1449,0
20111213,10.44,11,10.44,10.9,2251,0
20111214,10.99,10.99,10.61,10.89,625,0
20111215,10.66,10.7,10.2,10.69,1080,0
20111216,10.73,10.73,10.32,10.32,449,0
20111219,10.26,10.26,10,10,2444,0
20111220,10.14,10.14,9.71,9.99,539,0
20111221,9.95,10.8,9.5,9.5,4787,0
20111222,9.44,10.4,9.44,10.3,2724,0
20111223,10,10.19,9.8,10,1039,0
20111227,10.01,10.15,9.6,10,2355,0
20111228,10.1,10.1,9.75,9.8,700,0
20111229,9.66,9.99,9.66,9.9,1290,0
20111230,10,10.2,9.71,9.8,505,0
20120102,9.71,9.95,9.71,9.95,185,0
20120103,9.75,9.95,9.7,9.7,3481,0
20120104,9.7,9.7,9.58,9.69,291,0
20120105,9.9,10,9.9,10,51,0
20120109,10,10,9.75,9.81,439,0
20120110,9.82,10,9.82,9.9,624,0
20120111,10,10.25,10,10.25,536,0
20120112,10.25,10.89,10.25,10.8,4511,0
20120113,10.38,11.4,10.25,10.31,2849,0
20120116,10.35,10.69,10.35,10.69,465,0
20120117,11,11.25,10.85,10.85,1060,0
20120118,10.8,10.9,10.7,10.7,731,0
20120119,11.1,12.2,11.1,11.64,17824,0
20120120,11.65,11.65,11.3,11.65,608,0
20120123,11.31,12,11.2,11.48,3290,0
20120124,11.27,11.4,11.1,11.2,3725,0
20120125,11.25,13.5,11.25,12.38,12240,0
20120126,12.5,12.77,11.26,12.28,8736,0
20120127,12.28,12.28,11.4,12,1467,0
20120130,12.01,12.01,11.4,12,1997,0
20120131,12,12.39,11.8,12.39,549,0
20120201,12.7,14.47,12.7,13.5,25691,0
20120202,13.32,13.32,12.4,12.49,5461,0
20120203,12.6,13,12.51,12.7,4758,0
20120206,12.68,13.05,12.52,12.95,2199,0
20120207,12.99,12.99,12.79,12.89,1995,0
20120208,12.95,13.3,12.9,13.29,4159,0
20120209,13.54,14.01,13,13.9,5759,0
20120210,14.2,14.39,13.5,14,10361,0
20120213,13.9,13.9,13.4,13.74,3963,0
20120214,13.75,14.25,13.4,13.89,5550,0
20120215,12.77,12.99,11.6,12.17,24834,0
20120216,12.2,13.2,11.72,11.85,12205,0
20120217,11.8,12.5,11.8,11.99,2994,0
20120220,11.83,11.85,10.5,11.21,8009,0
20120221,11.08,11.39,10.9,11.39,1568,0
20120222,11.3,11.59,11.3,11.3,1446,0
20120223,11.1,11.2,10.81,11,2372,0
20120224,11,11.05,10.86,11,998,0
20120227,11,11.2,10.95,11,1684,0
20120228,11.1,11.89,11.1,11.89,716,0
20120229,11.89,11.89,11.01,11.19,975,0
20120301,11.01,11.2,11.01,11.2,72,0
20120302,11.2,11.45,11.15,11.45,685,0
20120305,11.57,11.57,10.91,10.92,2282,0
20120306,10.92,10.92,10.25,10.25,7854,0
20120307,10.23,10.6,10,10.2,5812,0
20120308,10.5,10.56,10.49,10.56,846,0
20120309,10.65,11.66,10.5,10.5,6656,0
20120312,10.9,10.9,10.31,10.45,2862,0
20120313,10.5,10.58,10.31,10.31,211,0
20120314,10.28,10.75,10.28,10.3,1405,0
20120315,10.31,10.55,10.31,10.55,730,0
20120316,10.55,10.6,10.21,10.26,2808,0
20120319,10.39,10.42,10.28,10.42,2501,0
20120320,10.3,10.45,10.25,10.35,473,0
20120321,10.39,10.39,10.15,10.29,585,0
20120322,10.2,10.29,10,10,1807,0
20120323,10,10.14,9.9,10.07,2232,0
20120326,10.08,10.08,9.8,9.8,1296,0
20120327,9.8,10,9,9.25,10279,0
20120328,9.25,9.85,9.25,9.85,2111,0
20120329,9.7,9.7,9.32,9.5,181,0
20120330,9.5,10.34,9.5,10.34,11343,0
20120402,10.49,10.7,10.25,10.53,2454,0
20120403,10.5,10.5,10.09,10.14,1540,0
20120404,10.12,10.24,9.9,9.98,1634,0
20120405,9.99,10,9.7,9.7,1223,0
20120410,9.57,9.9,9.57,9.7,996,0
20120411,9.8,10.17,9.78,9.8,1999,0
20120412,9.8,9.85,9.8,9.82,315,0
20120413,9.82,9.82,9.74,9.74,580,0
20120416,9.8,10.7,9.8,10.25,4558,0
20120417,10.3,10.85,10.3,10.35,6518,0
20120418,10.3,10.3,10.1,10.1,350,0
20120419,10.16,11.93,10.16,11.45,31054,0
20120420,11.45,11.55,11.06,11.45,2032,0
20120423,11.45,11.5,10.55,10.55,4843,0
20120424,10.6,11,10.55,10.75,8020,0
20120425,10.86,11.24,10.62,11.24,7744,0
20120426,11.28,11.65,11.16,11.39,1212,0
20120427,11.3,11.39,10.9,10.9,250,0
20120430,11.18,11.64,11.18,11.2,3689,0
20120502,11.3,11.51,11.3,11.45,80,0
20120504,11.1,11.15,10.95,11.15,260,0
20120507,11.1,11.1,10.62,10.8,1307,0
20120508,10.8,10.8,10.4,10.74,1769,0
20120509,10.55,10.55,10.15,10.39,361,0
20120510,10.39,10.85,10.39,10.85,341,0
20120511,10.85,10.85,10.06,10.5,2024,0
20120514,10.41,10.51,10.41,10.5,750,0
20120515,10.61,10.64,9.81,9.81,1780,0
20120516,10,10,9.55,9.95,1817,0
20120517,9.95,9.98,9.6,9.98,321,0
20120518,9.65,9.99,9.65,9.99,815,0
20120521,9.99,10.5,9.99,10,2168,0
20120522,10.1,10.1,9.66,10,1373,0
20120523,9.8,9.8,9.8,9.8,50,0
20120524,9.75,10.05,9.64,10.05,650,0
20120525,10.1,10.1,9.7,9.7,430,0
20120528,9.6,9.66,9.6,9.66,140,0
20120529,9.75,9.75,9.55,9.55,185,0
20120530,9.55,9.9,9.55,9.85,687,0
20120531,9.9,9.9,9.72,9.9,735,0
20120601,10,10,10,10,10,0
20120604,10,10,9.85,9.85,50,0
20120605,10,10,9.4,9.55,929,0
20120606,9.55,9.65,9.55,9.65,391,0
20120608,9.74,9.98,9.74,9.98,330,0
20120611,9.75,9.96,9.6,9.96,1615,0
20120612,9.7,9.7,9.29,9.29,4563,0
20120613,9.25,9.5,9.25,9.3,356,0
20120614,9.18,9.3,9,9,2046,0
20120615,9,9.2,9,9.2,1254,0
20120618,9.1,9.1,9.05,9.05,270,0
20120619,9,9.29,8.7,9.29,4679,0
20120620,9.15,9.15,9,9.14,307,0
20120621,9.15,9.15,8.9,8.95,1595,0
20120622,8.95,8.95,8.95,8.95,183,0
20120625,8.95,9,8.95,9,170,0
20120626,9,9.46,9,9.46,615,0
20120627,9.17,9.4,9.17,9.4,308,0
20120628,9.45,9.46,9.15,9.22,978,0
20120629,9.12,9.32,9.12,9.32,11,0
20120702,9.33,9.49,9.2,9.3,1449,0
20120703,9.21,9.25,9.05,9.05,1527,0
20120704,9.05,9.99,9,9.99,134965,0
20120705,9.98,9.98,9.06,9.16,2726,0
20120706,9.35,9.6,9.34,9.6,890,0
20120709,9.75,9.75,9.35,9.5,384,0
20120710,9.5,9.5,9.21,9.25,932,0
20120711,9.22,9.35,9.1,9.1,922,0
20120712,9.15,9.15,9,9.14,964,0
20120713,9.14,9.2,9.14,9.2,157,0
20120716,9.2,9.2,9.18,9.19,467,0
20120717,9.1,9.1,9.1,9.1,85,0
20120718,9.02,9.02,9,9,498,0
20120719,9,9,8.77,8.94,1255,0
20120720,8.9,8.9,8.67,8.7,721,0
20120723,8.7,8.79,8.55,8.6,3018,0
20120724,8.69,8.69,8.25,8.29,990,0
20120725,8.21,8.45,8.21,8.45,33,0
20120726,8.45,8.6,8.45,8.6,231,0
20120727,8.35,9.15,8.35,9.15,301,0
20120730,8.71,8.71,8.59,8.6,3635,0
20120731,9,9,8.9,8.9,350,0
20120802,8.9,8.9,8.9,8.9,14,0
20120803,9,9.1,9,9.1,433,0
20120806,9.01,9.2,9.01,9.09,303,0
20120808,8.93,9.2,8.93,9,410,0
20120809,8.96,9.32,8.96,9.3,614,0
20120810,9.32,9.88,9.32,9.88,1283,0
20120813,9.9,9.96,9.79,9.87,5123,0
20120814,9.91,9.91,9.21,9.45,996,0
20120816,9.46,9.65,9.46,9.46,869,0
20120817,9.4,9.45,9.4,9.45,155,0
20120820,9.41,9.5,9.22,9.3,824,0
20120821,9.45,9.95,8.5,8.5,7948,0
20120822,8.45,9.09,8.45,9,332,0
20120823,9.08,9.08,9,9.07,331,0
20120824,9.07,9.5,8.82,9.5,952,0
20120827,9.44,9.75,9.3,9.69,1348,0
20120828,9.5,9.51,9.5,9.5,1881,0
20120829,9.6,9.7,9.5,9.68,4151,0
20120830,9.5,9.65,9.5,9.54,240,0
20120831,9.49,9.5,9.36,9.5,891,0
20120903,9.35,9.35,9,9.01,369,0
20120904,9.01,9.4,9.01,9.3,279,0
20120905,8.9,9.1,8.75,8.75,1903,0
20120906,8.8,9.2,8.8,9.1,585,0
20120907,9.1,9.12,9.1,9.1,265,0
20120910,9.2,9.2,8.99,8.99,122,0
20120911,8.99,8.99,8.95,8.95,282,0
20120912,9.09,9.09,9,9,118,0
20120913,9.09,9.09,8.99,9,209,0
20120914,9.02,9.02,9,9,75,0
20120917,9,9,8.5,8.5,2630,0
20120918,8.89,8.89,8.51,8.75,414,0
20120919,8.55,8.55,8.3,8.5,3350,0
20120920,8.5,8.63,8.3,8.4,1538,0
20120921,8.4,8.6,8.4,8.6,116,0
20120924,8.45,8.45,8.3,8.3,1800,0
20120925,8.4,8.6,8.4,8.6,100,0
20120926,8.5,8.6,8.35,8.35,4783,0
20120927,8.4,8.65,8.4,8.65,320,0
20120928,8.65,8.74,8.65,8.74,193,0
20121001,8.75,8.75,8.5,8.5,319,0
20121002,8.55,8.8,8.55,8.8,849,0
20121003,8.8,8.89,8.8,8.89,52,0
20121004,8.9,8.94,8.9,8.94,150,0
20121005,8.97,8.97,8.62,8.62,1150,0
20121008,8.75,8.87,8.49,8.49,322,0
20121009,8.5,8.65,8.5,8.65,120,0
20121010,8.6,8.6,8.6,8.6,10,0
20121011,8.7,11.49,8.7,9.84,22209,0
20121012,9.65,9.71,9.37,9.61,2519,0
20121015,9.2,9.2,8.7,9,2673,0
20121016,9.1,9.11,8.75,8.93,1713,0
20121017,9,9.75,8.93,9.75,2332,0
20121018,9.8,9.8,8.95,9.15,2686,0
20121019,9.1,9.3,8.9,9.3,2825,0
20121022,9.34,9.34,8.82,9.01,278,0
20121023,9.05,9.44,8.98,8.98,1517,0
20121024,8.96,9.2,8.96,9.2,431,0
20121025,9.1,9.3,9.1,9.3,475,0
20121026,9.3,9.3,9.2,9.2,554,0
20121029,9.2,9.21,9.1,9.15,732,0
20121030,9.15,9.3,9.15,9.3,150,0
20121031,9.25,9.25,9.2,9.2,173,0
20121102,9.3,9.3,9.29,9.3,202,0
20121105,9.3,9.9,9.29,9.9,525,0
20121106,9.4,9.4,9.29,9.3,1347,0
20121107,9.35,9.35,9.17,9.17,400,0
20121108,9.17,9.17,8.98,8.98,2792,0
20121109,8.96,9.1,8.96,9.1,435,0
20121112,9.1,9.29,8.98,9.01,2204,0
20121113,9.01,9.01,9.01,9.01,415,0
20121114,9.2,9.2,8.8,9,2965,0
20121115,9,9.15,9,9.05,1135,0
20121116,9.05,9.1,8.92,8.92,1939,0
20121119,8.98,9,8.9,8.95,2107,0
20121120,9.05,9.05,8.41,8.75,5079,0
20121121,8.7,8.7,8.37,8.37,1910,0
20121122,8.38,8.55,8.33,8.33,602,0
20121123,8.35,8.6,8.35,8.6,160,0
20121126,8.59,8.59,8.23,8.23,1284,0
20121127,8.26,8.59,8.26,8.28,661,0
20121128,8.28,8.29,8.26,8.28,688,0
20121129,8.3,8.46,8.3,8.46,3481,0
20121130,8.54,9,8.53,8.85,1913,0
20121203,8.93,8.93,8.92,8.93,210,0
20121204,8.9,8.93,8.9,8.9,1246,0
20121205,8.98,9.28,8.98,9,752,0
20121206,8.95,9.05,8.95,8.95,445,0
20121207,9.04,9.25,8.95,9.25,400,0
20121210,9.25,9.87,9.25,9.46,5795,0
20121211,9.7,9.7,9.4,9.5,475,0
20121212,9.49,9.49,8.95,9.47,16,0
20121213,9.47,9.47,8.96,9.11,530,0
20121214,9.3,9.3,9.3,9.3,50,0
20121217,9.3,9.6,9.28,9.48,2563,0
20121218,9.5,9.5,9,9.3,1283,0
20121219,9.17,9.37,9.07,9.3,850,0
20121220,9.3,9.3,8.95,8.95,3921,0
20121221,9.04,9.4,8.92,9,2198,0
20121227,9,9,8.89,8.9,387,0
20121228,8.84,8.84,8.5,8.6,2830,0
20130102,8.43,8.95,8.43,8.61,1140,0
20130103,8.75,8.75,8.6,8.6,1066,0
20130104,8.5,8.7,8.5,8.51,120,0
20130107,8.51,8.55,8.5,8.51,1289,0
20130108,8.5,8.7,8.5,8.7,195,0
20130109,8.65,8.9,8.56,8.57,902,0
20130110,8.57,8.7,8.57,8.7,190,0
20130111,8.75,8.75,8.6,8.6,75,0
20130114,8.57,8.7,8.57,8.62,874,0
20130115,8.7,8.7,8.65,8.65,473,0
20130116,8.65,9.15,8.63,9.15,618,0
20130117,9,9,8.8,8.8,950,0
20130118,8.65,8.9,8.65,8.75,1266,0
20130121,8.65,8.65,8.61,8.61,425,0
20130122,8.62,8.8,8.5,8.5,2130,0
20130123,8.7,8.7,8.01,8.45,3302,0
20130124,8.49,8.49,8.3,8.34,1675,0
20130125,8.34,8.34,8.3,8.3,1225,0
20130128,8.33,8.42,8.3,8.42,1140,0
20130129,8.5,8.5,8.37,8.49,1201,0
20130130,8.5,8.5,8.2,8.2,2489,0
20130131,8.2,8.2,7.65,7.66,3425,0
20130201,7.59,7.68,7.46,7.68,3511,0
20130204,7.69,8.19,7.69,7.79,731,0
20130205,7.85,8.15,7.85,8.15,606,0
20130206,8.15,8.18,8,8.05,1499,0
20130207,8,8.15,8,8.15,561,0
20130208,8.15,8.15,8.1,8.1,25,0
20130211,8.05,8.2,8.05,8.2,1200,0
20130212,8.2,8.2,8.03,8.2,626,0
20130213,8.12,8.55,8.12,8.48,865,0
20130214,8.5,8.8,8.4,8.79,1963,0
20130215,8.61,8.79,8.5,8.75,1044,0
20130218,8.72,8.98,8.4,8.4,1349,0
20130219,8.4,8.88,8.4,8.5,1751,0
20130220,8.5,8.8,8.5,8.5,870,0
20130221,8.5,8.76,8.5,8.76,408,0
20130222,8.76,8.89,8.5,8.89,4950,0
20130225,8.9,9.89,8.9,9.89,7285,0
20130226,9.82,10.62,9.47,10.45,4645,0
20130227,10.5,11,10.15,10.45,3175,0
20130228,10.65,10.8,9.7,10,9308,0
20130301,9.9,9.99,9.45,9.99,3797,0
20130304,9.31,9.55,9.31,9.38,585,0
20130305,9.38,9.89,9.38,9.89,716,0
20130306,9.5,9.89,9.5,9.56,1298,0
20130307,9.56,9.87,9.56,9.6,1479,0
20130308,9.9,10.05,9.61,10.05,2199,0
20130311,10.49,10.5,9.57,9.57,561,0
20130312,9.57,10.5,9.57,10,1930,0
20130313,10.02,10.6,9.85,10,1547,0
20130314,10.49,11,10.2,11,5201,0
20130315,10.9,11,10.65,10.65,71,0
20130318,10.56,10.89,10.56,10.89,1676,0
20130319,10.71,10.71,10.12,10.3,1318,0
20130320,10.3,10.5,10.3,10.5,565,0
20130321,10.6,10.98,10.6,10.85,472,0
20130322,10.66,10.9,10.21,10.9,2045,0
20130325,10.9,10.91,10.7,10.7,1602,0
20130326,10.85,10.85,10.51,10.51,329,0
20130327,10.72,11.49,10.72,11.49,5330,0
20130328,11.49,11.49,11,11.4,3180,0
20130402,11.29,11.45,10.4,11.45,2441,0
20130403,11.45,11.45,10.55,11.4,2605,0
20130404,11.15,11.4,10.7,11.1,3050,0
20130408,10.7,11.35,10.36,11.35,2439,0
20130409,10.85,11.29,10.75,11.29,2089,0
20130410,11.29,11.29,10.71,11.2,410,0
20130411,11.2,11.2,11,11,63,0
20130412,10.99,10.99,10.81,10.85,257,0
20130415,11,11.2,10.86,11,363,0
20130417,11,11,10.87,10.87,323,0
20130418,10.65,10.75,10,10.49,4218,0
20130419,10.2,10.25,10.05,10.24,2340,0
20130422,10.25,10.25,10.05,10.05,1452,0
20130423,10.25,10.3,10,10,235,0
20130424,10,10.02,9.89,9.9,2259,0
20130425,9.76,10.3,9.6,10.3,4093,0
20130426,10.3,10.8,10.29,10.51,1262,0
20130429,10.4,11.29,10.4,11.28,2060,0
20130430,11.28,11.28,10.5,11.27,2785,0
20130502,11,11.1,10,11.1,1199,0
20130506,10.51,11.05,10.51,11,321,0
20130507,11,11,10.99,11,19,0
20130508,11,11.05,10.99,11,693,0
20130509,11,11.2,10.95,11.15,1811,0
20130510,11,11,10.6,11,1320,0
20130513,11.05,11.08,10.65,10.65,6855,0
20130514,10.6,10.6,10.31,10.54,4185,0
20130515,10.25,10.59,10.15,10.54,1310,0
20130516,10.4,10.4,10.39,10.4,6050,0
20130517,10,10.01,9.5,10,9960,0
20130520,9.9,10,9.46,10,2831,0
20130521,9.75,10,9.75,10,1406,0
20130522,9.99,9.99,9.75,9.75,160,0
20130523,9.6,10,8.6,10,5541,0
20130524,9.3,9.9,9.05,9.9,425,0
20130527,9.63,9.63,9.63,9.63,10,0
20130528,9.65,9.8,9.33,9.8,90,0
20130529,9.8,10,9.4,10,750,0
20130531,10,10.08,9.75,10.08,611,0
20130603,10.19,10.31,10.02,10.15,906,0
20130604,10.1,10.1,9.8,9.95,1994,0
20130605,10,10,9.89,9.89,50,0
20130606,9.76,9.89,9.75,9.87,1325,0
20130607,9.93,9.93,9.75,9.75,240,0
20130610,9.8,9.8,9.06,9.4,2902,0
20130611,9.5,9.5,9.5,9.5,88,0
20130612,9.3,9.6,9.3,9.6,676,0
20130613,9.6,9.6,9.6,9.6,244,0
20130614,9.8,9.8,9.35,9.58,711,0
20130617,9.31,9.9,9.31,9.9,583,0
20130618,9.9,9.9,9.9,9.9,15,0
20130619,9.65,9.65,9.65,9.65,60,0
20130620,9.7,9.9,9.65,9.65,1023,0
20130621,9.65,9.65,9.41,9.41,307,0
20130624,9.48,9.48,9.48,9.48,10,0
20130625,9.3,9.48,9.01,9.48,598,0
20130626,9.4,9.4,9.14,9.14,1464,0
20130627,9.03,9.03,9,9,190,0
20130628,9.01,9.14,9.01,9.14,887,0
20130701,9.01,9.05,9.01,9.05,1393,0
20130702,8.99,9,8.99,9,385,0
20130703,9,9,8.88,8.99,569,0
20130704,9,9.1,9,9,303,0
20130705,8.94,9.02,8.94,9.02,288,0
20130708,9,9.38,8.95,9.38,1709,0
20130709,9.6,9.6,9.05,9.19,365,0
20130711,9.1,9.1,9,9,91,0
20130712,9,9.75,9,9.75,2029,0
20130715,9.75,9.75,9.75,9.75,735,0
20130716,9.6,9.6,9.6,9.6,75,0
20130717,9.5,9.5,9,9,681,0
20130718,8.97,9,8.97,9,303,0
20130719,8.97,9.15,8.85,9.15,753,0
20130722,9,9,8.71,8.85,830,0
20130723,8.7,8.85,8.7,8.85,1105,0
20130724,8.85,8.85,8.85,8.85,67,0
20130725,8.9,8.95,8.9,8.95,340,0
20130726,9.1,9.5,9.1,9.5,450,0
20130729,8.91,9.5,8.91,9.5,3177,0
20130730,9.17,9.5,9.17,9.5,2007,0
20130731,9.5,10.1,9.49,10.1,2703,0
20130801,10.06,10.6,10.06,10.6,3909,0
20130802,10.6,10.68,10.1,10.68,1279,0
20130805,10.68,10.68,10.32,10.65,136,0
20130806,10.65,10.65,10,10.31,1778,0
20130807,10.3,10.3,9.69,9.69,2769,0
20130808,9.7,9.9,9.7,9.9,322,0
20130809,9.8,9.8,9.7,9.7,20,0
20130812,9.7,9.95,9.6,9.8,985,0
20130813,9.9,10.23,9.9,10.05,34,0
20130814,9.4,9.92,9.4,9.92,141,0
20130816,8.7,8.99,7.9,8.85,13578,0
20130819,8.89,8.9,8.89,8.9,552,0
20130820,8.9,9.5,8.9,9.45,1022,0
20130821,9.45,9.45,8.97,9.2,964,0
20130822,9.15,9.15,8.9,8.9,690,0
20130823,9,9,8.6,9,2282,0
20130826,9,9.1,8.98,8.98,738,0
20130827,8.98,9,8.98,9,787,0
20130828,9,9,8,8.8,2906,0
20130829,8.8,8.8,8.35,8.5,855,0
20130830,8.4,8.8,8.4,8.8,1670,0
20130902,8.7,8.7,8.55,8.55,305,0
20130903,8.69,9.15,8.69,9.15,438,0
20130904,8.85,9.15,8.75,9.1,1207,0
20130905,9.08,9.08,8.6,8.6,1395,0
20130906,8.55,8.55,8.5,8.5,261,0
20130909,8.6,8.8,8.6,8.8,726,0
20130910,8.8,9.05,8.8,9.05,409,0
20130911,9.08,9.08,8.9,8.9,169,0
20130912,8.91,8.91,8.5,8.74,2387,0
20130913,8.55,8.55,8.25,8.5,3644,0
20130916,8.5,8.75,8.49,8.75,914,0
20130917,8.75,8.8,8.71,8.8,705,0
20130918,8.8,8.8,8.8,8.8,40,0
20130919,8.8,8.8,8.42,8.5,1681,0
20130920,8.7,8.7,8.7,8.7,25,0
20130923,8.7,8.7,8.5,8.5,150,0
20130924,8.55,8.64,8.55,8.64,293,0
20130925,8.64,8.7,8.2,8.25,1358,0
20130926,8.5,8.57,8.21,8.39,2285,0
20130927,8.5,8.7,8.22,8.7,2517,0
20130930,8.7,9.08,8.52,9,2459,0
20131001,8.55,8.9,8.51,8.9,353,0
20131002,8.87,8.87,8.7,8.87,628,0
20131003,8.87,9.02,8.8,9.02,611,0
20131004,8.94,8.94,8.89,8.9,290,0
20131007,8.94,8.94,8.7,8.7,230,0
20131008,8.8,8.8,8.61,8.7,520,0
20131009,8.55,8.56,8.5,8.5,1290,0
20131010,8.5,8.65,8.48,8.65,1050,0
20131011,8.65,8.75,8.65,8.75,179,0
20131014,8.8,8.8,8.8,8.8,10,0
20131015,8.58,8.58,8.5,8.55,721,0
20131016,8.4,8.82,8.4,8.82,555,0
20131017,8.3,8.44,8.3,8.44,2500,0
20131018,8.44,8.44,8.3,8.3,620,0
20131021,8.43,8.43,8.26,8.26,972,0
20131022,8.3,8.45,8.3,8.45,1160,0
20131023,8.44,8.44,8.35,8.37,698,0
20131024,8.37,9,8.37,8.95,6436,0
20131025,8.31,8.72,8.31,8.45,570,0
20131028,8.7,8.7,8.45,8.5,2784,0
20131029,8.46,8.51,8.46,8.48,700,0
20131030,8.5,8.92,8.5,8.92,682,0
20131031,8.9,9.43,8.7,9,1737,0
20131104,9.44,10,9.44,9.85,11022,0
20131105,9.9,9.9,9.5,9.5,5558,0
20131106,9.59,10.3,9.5,10.3,8796,0
20131107,10.05,10.35,10,10,719,0
20131108,9.66,10.1,9.66,10,551,0
20131112,9.68,10.3,9.68,10.3,2345,0
20131113,10.3,10.5,10.18,10.45,5697,0
20131114,10.55,10.55,10.15,10.47,10621,0
20131115,10,10.48,9.7,9.7,3823,0
20131118,9.5,9.5,9.01,9.5,4382,0
20131119,9.5,9.5,8.96,9.14,3419,0
20131120,9,9.93,8.7,9.93,5793,0
20131121,9.92,9.93,9.2,9.93,3813,0
20131122,9.55,9.75,9.52,9.75,447,0
20131125,9.8,9.8,9.68,9.7,195,0
20131126,9.6,9.7,9.6,9.68,229,0
20131127,9.41,9.41,9.41,9.41,20,0
20131128,9.41,9.5,9.31,9.5,1572,0
20131129,9.5,9.5,9.05,9.2,316,0
20131202,9.2,9.2,9.2,9.2,193,0
20131203,9.11,9.11,8.96,8.96,509,0
20131204,8.9,8.96,8.7,8.7,370,0
20131205,8.88,8.88,8.8,8.8,465,0
20131206,8.8,8.9,8.8,8.9,1219,0
20131209,8.72,8.99,8.72,8.95,1989,0
20131210,9,9.06,8.9,9,6183,0
20131211,8.9,8.9,8.79,8.79,605,0
20131212,8.79,8.97,8.72,8.97,1053,0
20131213,8.89,9,8.89,8.89,198,0
20131216,8.8,8.8,8.7,8.7,81,0
20131217,8.7,9.05,8.7,9,3119,0
20131218,8.85,9.05,8.85,8.95,2212,0
20131219,8.95,9.35,8.95,9,1742,0
20131220,8.5,9,8.5,8.8,3719,0
20131223,8.76,9.1,8.76,9.05,1000,0
20131227,9,9,8.9,8.9,780,0
20131230,9.1,9.5,9.1,9.5,1013,0
20140102,9,9.6,9,9.6,800,0
20140103,9.7,9.7,9.7,9.7,50,0
20140107,9.6,9.6,9.44,9.44,17,0
20140108,9.1,9.37,8.9,8.9,1412,0
20140109,9,9,8.85,9,1078,0
20140110,8.8,8.8,8.34,8.5,3134,0
20140113,8.62,8.62,8.4,8.5,4870,0
20140114,8.65,8.65,8.55,8.63,650,0
20140115,8.63,8.65,8.55,8.55,337,0
20140116,8.37,8.5,8.37,8.5,309,0
20140117,8.5,8.75,8.3,8.55,4156,0
20140120,8.5,8.55,8.31,8.31,1111,0
20140121,8.3,8.48,8.3,8.47,1037,0
20140122,8.4,8.45,8.4,8.45,190,0
20140123,8.4,8.4,8.32,8.32,274,0
20140124,8.33,8.35,8.3,8.3,5087,0
20140127,8.23,8.28,8.2,8.28,396,0
20140128,8.27,8.27,8,8.25,1847,0
20140129,8.25,8.25,8.25,8.25,115,0
20140130,8.12,8.3,8.12,8.3,178,0
20140131,8.15,8.33,8.15,8.33,851,0
20140203,8.31,8.31,8.31,8.31,92,0
20140204,8.2,8.2,8.16,8.16,358,0
20140205,8.2,8.3,8.2,8.3,1180,0
20140206,8.4,9.5,8.25,9.5,15990,0
20140207,10,11.44,10,10.45,26282,0
20140210,10.45,10.95,10,10.79,19521,0
20140211,10.79,10.83,10,10.19,4434,0
20140212,10,10.7,10,10.7,5604,0
20140213,10.06,10.7,10.06,10.55,1883,0
20140214,10.66,10.7,10.1,10.5,3894,0
20140217,10.3,10.8,10.3,10.69,3095,0
20140218,10.76,10.82,10.59,10.82,3330,0
20140219,10.97,10.99,10.67,10.9,9366,0
20140220,10.68,10.89,10.68,10.68,2550,0
20140221,10.6,10.6,10.23,10.23,1864,0
20140224,10.23,10.63,10.23,10.59,1954,0
20140225,10.59,10.82,10.4,10.79,3399,0
20140226,10.5,10.8,10.13,10.8,4229,0
20140227,10.8,12.01,10.8,11.5,35142,0
20140228,11.98,12.5,11.26,12.5,16896,0
20140303,11.76,13.4,11.6,11.67,7147,0
20140304,11.6,12.55,11.6,12.55,3354,0
20140305,12.54,12.7,12.05,12.3,3222,0
20140306,12.3,12.67,12.05,12.1,2204,0
20140307,12.06,12.4,11.75,11.9,5151,0
20140310,12.3,12.34,12,12,2321,0
20140311,12.19,12.5,12,12.5,26134,0
20140312,13,13.3,12,12.01,7413,0
20140313,12.5,13,11.78,12.1,11381,0
20140314,12.1,12.2,11.4,12.2,4903,0
20140317,12.45,12.7,12.45,12.7,2029,0
20140318,12.5,12.7,12.42,12.55,2852,0
20140319,12.4,12.4,12,12,1566,0
20140320,11.57,12.3,11.57,12,904,0
20140321,12,12.1,12,12.1,265,0
20140324,12.1,12.1,11.6,11.79,430,0
20140325,11.8,11.8,11.21,11.59,1107,0
20140326,11.65,11.8,11.15,11.8,3355,0
20140327,11.5,11.8,10.9,11.5,3631,0
20140328,11,11.5,10.81,11.5,2570,0
20140331,11.3,11.8,11,11.8,7171,0
20140401,10.81,11.48,10.8,11.25,6382,0
20140402,11.25,11.25,10.9,11.05,1778,0
20140403,11.05,12.4,11.05,11.75,11308,0
20140404,11.8,12,11.7,12,2550,0
20140407,12.1,12.1,11.7,11.7,577,0
20140408,11.6,11.6,11.25,11.6,1994,0
20140409,11.5,11.6,11.05,11.05,1151,0
20140410,11.1,11.5,11,11.5,732,0
20140411,11.38,11.77,11.25,11.75,5232,0
20140414,11.82,11.82,11.3,11.31,1753,0
20140415,11.31,11.36,11.31,11.36,529,0
20140416,11.31,11.4,11.3,11.3,1184,0
20140417,11.2,11.2,11,11.16,781,0
20140422,11,11.4,11,11.4,1643,0
20140423,11.2,12,11.2,12,1674,0
20140424,11.54,12.48,11.54,12.1,3553,0
20140425,12,12.28,12,12.05,1375,0
20140428,12,12.4,11.89,12.4,2113,0
20140429,12.5,13,12.45,13,4741,0
20140430,13.18,14.5,13.18,14.5,12699,0
20140502,14.65,14.65,14,14.29,2353,0
20140505,14.29,14.29,13.87,14,796,0
20140506,14.01,14.01,14,14,210,0
20140507,14,14,13.2,13.2,1457,0
20140508,13.2,13.2,12.9,12.9,766,0
20140509,12.9,13.19,12.75,13.19,1255,0
20140512,12.86,13,12.74,13,1080,0
20140513,12.9,13.15,12.61,13.15,808,0
20140514,13.2,13.2,13.2,13.2,950,0
20140515,12.49,13.5,12,12.87,5075,0
20140516,12.66,13.05,12.53,13.05,401,0
20140519,13.03,13.03,12.09,12.95,2666,0
20140520,12.58,12.58,12,12.5,2312,0
20140521,12.49,12.6,12.3,12.6,2246,0
20140522,12.6,12.66,12.2,12.66,1969,0
20140523,12.66,13,12.19,13,2507,0
20140526,12.7,12.95,12.7,12.88,1553,0
20140527,12.75,13.45,12.75,13.45,1149,0
20140528,13.05,13.05,13.05,13.05,77,0
20140530,12.64,12.95,12.64,12.95,2690,0
20140602,12.9,12.9,12.9,12.9,367,0
20140603,12.61,12.72,12.25,12.72,2358,0
20140604,12.6,12.6,12.6,12.6,90,0
20140605,12.65,13.89,12.65,13.5,4990,0
20140606,13.5,13.57,13.48,13.57,1631,0
20140609,13.5,13.5,12.94,13,711,0
20140610,12.6,13.1,12.6,12.8,942,0
20140611,12.8,12.8,12.75,12.8,522,0
20140612,12.8,12.8,11.43,12,7901,0
20140613,12.2,12.2,12.2,12.2,10,0
20140616,12.2,12.2,11.79,11.9,1234,0
20140617,11.9,12,11.8,12,3395,0
20140618,11.82,12,11.5,12,683,0
20140620,12,12,11.63,12,7808,0
20140623,11.49,11.99,11.3,11.99,2032,0
20140624,11.99,12,11.99,12,898,0
20140625,12,12.29,12,12.29,1224,0
20140626,12.29,12.6,10.5,12,4206,0
20140627,12,12.85,11.72,12.85,6304,0
20140630,12.87,13,12,12.54,2935,0
20140701,11.96,12.45,11.3,12.45,847,0
20140702,11.6,11.75,11.4,11.75,1126,0
20140703,11.7,11.8,11.6,11.6,1023,0
20140704,11.7,11.8,11.6,11.6,1401,0
20140707,11.93,12.5,11.49,11.6,2945,0
20140708,11.4,11.5,11.27,11.5,1058,0
20140709,11.12,11.26,11.01,11.25,836,0
20140710,10.88,12.35,9.99,10.46,9627,0
20140711,10.33,10.57,10.01,10.1,1418,0
20140714,10.1,10.6,9.88,10.49,12850,0
20140715,10.59,10.69,9.95,10.24,6345,0
20140716,10.2,10.4,10.2,10.35,1781,0
20140717,10.05,10.2,9.9,10.2,269,0
20140718,9.96,10.3,9.96,10.3,848,0
20140721,10.25,10.38,10,10.38,4046,0
20140722,10.37,10.37,10.2,10.37,2156,0
20140723,10.21,10.21,10.21,10.21,99,0
20140724,10.37,10.37,10.37,10.37,1,0
20140725,10.38,10.38,9.91,10.24,3157,0
20140728,10.15,10.37,10.1,10.36,2224,0
20140729,10.3,10.4,10,10,2431,0
20140730,10.32,10.32,10.32,10.32,300,0
20140731,10.3,10.35,10.3,10.35,700,0
20140801,10.4,10.42,10.4,10.42,603,0
20140804,10.4,10.4,10.4,10.4,10,0
20140805,10.1,10.3,10.1,10.3,149,0
20140806,10.3,10.3,10.3,10.3,10,0
20140807,10.29,10.29,10.1,10.1,16,0
20140808,10.04,10.04,9.9,9.95,505,0
20140811,9.9,9.9,9.65,9.8,828,0
20140812,9.8,10,9.8,10,250,0
20140813,9.81,9.81,9.81,9.81,78,0
20140814,9.8,9.9,9.8,9.9,1000,0
20140818,9.67,9.8,9.14,9.75,5657,0
20140819,9.57,9.65,9.43,9.65,1852,0
20140821,9.7,9.7,9.7,9.7,900,0
20140822,9.73,9.95,9.28,9.78,3172,0
20140825,9.7,10.34,9.7,10.25,2502,0
20140826,10.25,10.5,10.25,10.49,2376,0
20140827,10.53,10.8,10.53,10.79,1927,0
20140828,10.5,11.2,10.2,11.2,5311,0
20140829,11.1,12.48,10.9,11.99,5948,0
20140901,11.12,11.4,11,11.4,4215,0
20140902,11.05,11.2,10.99,11.2,320,0
20140903,10.84,10.84,10.71,10.71,1984,0
20140904,10.7,11.2,10.7,11.2,832,0
20140905,11.2,11.99,11.2,11.99,2195,0
20140908,11.85,11.85,11,11.2,5330,0
20140909,11.15,11.15,10.65,11,2795,0
20140910,11.1,11.16,11,11.16,390,0
20140911,11,11,10.67,11,1160,0
20140912,10.99,11,10.99,11,1331,0
20140915,11,11,11,11,100,0
20140916,11,11,10.67,10.67,254,0
20140917,10.68,10.7,10.3,10.3,4231,0
20140918,10.5,10.5,9.6,9.6,4041,0
20140919,9.6,10.19,9.6,10.05,4320,0
20140922,10.1,10.13,10.1,10.13,2516,0
20140923,10.14,10.14,9.5,9.8,3631,0
20140924,9.48,9.71,9.1,9.3,2546,0
20140925,9.3,9.3,8.82,8.99,1399,0
20140926,9.1,9.43,9.1,9.43,896,0
20140929,9.5,10,9.44,10,4074,0
20140930,9.76,10.99,9.76,10.99,2700,0
20141001,10.73,10.8,10.61,10.8,521,0
20141002,10.44,10.44,9.51,9.88,1982,0
20141003,9.97,9.98,9.5,9.6,1896,0
20141006,9.45,9.45,9,9,3814,0
20141007,9.25,9.25,9,9.25,726,0
20141008,9.1,9.3,9.1,9.16,1085,0
20141009,9.21,9.21,8.95,8.97,964,0
20141010,9.16,9.16,8.95,9.16,459,0
20141013,9.16,9.22,9.16,9.16,1599,0
20141014,9.16,9.16,9,9,1120,0
20141015,9.02,9.16,8.92,9.16,2485,0
20141016,8.92,9,8.75,8.99,2516,0
20141017,8.99,8.99,8.7,8.98,2183,0
20141020,8.99,8.99,8.5,8.5,3768,0
20141021,8.5,8.7,8.5,8.5,3290,0
20141022,8.97,9,8.65,9,911,0
20141023,9.17,9.18,9.17,9.18,60,0
20141024,9,9.17,9,9.1,759,0
20141027,9.05,9.05,8.8,9.05,93,0
20141028,9.1,9.14,9,9.05,1455,0
20141029,8.95,9.05,8.95,9.05,3808,0
20141030,9,9.04,8.9,8.9,1154,0
20141031,9.32,9.69,9,9.08,7825,0
20141103,9.33,10,9.09,9.51,36469,0
20141104,9.85,9.9,9.37,9.37,7385,0
20141105,9.4,9.55,9.35,9.35,4501,0
20141106,9.21,9.4,9.1,9.1,5818,0
20141107,9.3,9.3,9.05,9.29,5494,0
20141110,9.2,9.2,9.05,9.11,1700,0
20141112,9.15,9.2,9.04,9.05,3925,0
20141113,9.15,9.19,8.9,9,7835,0
20141114,9.08,9.65,9,9.62,10467,0
20141117,13.9,15.8,13.47,15.5,138573,0
20141118,18.6,21.6,16.34,17,175762,0
20141119,17.52,22,17,22,131852,0
20141120,26.4,31.6,25.51,29.9,208600,0
20141121,28.2,32,26.45,30.99,84466,0
20141124,41.1,49,40,40.99,146871,0
20141125,38,43.45,36.4,39.9,73688,0
20141126,40,43.89,39.2,40.19,53119,0
20141127,39.9,42.49,37.4,38.1,42062,0
20141128,39.2,44.88,38.39,44.8,45601,0
20141201,46,48.88,44,48.88,58545,0
20141202,50.64,60,49.52,60,101144,0
20141203,59.99,59.99,48.01,49,85648,0
20141204,51.05,63.75,45,59,170525,0
20141205,59.5,67.77,57,67.39,108335,0
20141208,68,76,66.06,69,95660,0
20141209,67.59,70.99,65.09,65.8,40492,0
20141210,64.2,72,61,70,56920,0
20141211,70.99,75,66,68.8,48833,0
20141212,66,69.89,65,65.5,27322,0
20141215,71.75,78.8,70.5,74,64758,0
20141216,75.2,75.2,68,73.55,27185,0
20141217,72.98,75,71.11,73.93,10956,0
20141218,75.6,75.6,70.41,71.03,15025,0
20141219,71.5,73.1,68.4,70.8,18569,0
20141222,69,69.8,63.05,63.8,23684,0
20141223,63.8,64.93,59.33,62,36047,0
20141229,64.58,76.6,64.05,75.5,39010,0
20141230,73.3,76,68,69.5,26962,0
20150102,71,73.89,69.01,72,16540,0
20150105,70.22,74.9,69.22,71.49,13295,0
20150107,71.9,72.91,70.2,72.3,9703,0
20150108,72,72,66.11,67.11,17102,0
20150109,66,68,64.5,66.7,9999,0
20150112,68.7,73.5,68.5,71.3,16762,0
20150113,73.5,73.5,70.07,70.9,4843,0
20150114,69.99,70,68.21,69.49,6015,0
20150115,69.99,69.99,66.12,69,10096,0
20150116,69.47,69.48,67.8,69.47,3652,0
20150119,69.4,69.75,66,69.67,7236,0
20150120,69.5,69.5,64.9,66.39,9951,0
20150121,66.39,68.79,63.99,67.27,9877,0
20150122,64.42,67.15,64.42,65.52,6393,0
20150123,65.3,71.88,65.3,68.76,15132,0
20150126,71,73,69.69,72,16161,0
20150127,72.15,73.99,71.2,73,6307,0
20150128,72.02,72.51,69.57,70.99,7635,0
20150129,70.2,71.49,69.05,70.75,4629,0
20150130,70.74,71.49,69.03,69.65,2520,0
20150202,71,74.9,71,73.79,14566,0
20150203,72.1,82,72.1,80,40373,0
20150204,80.8,82.49,77.71,77.98,21251,0
20150205,77.87,77.87,70.5,74,34223,0
20150206,71.9,74.99,71,71.3,9505,0
20150209,70,72.85,67.11,70.4,14251,0
20150210,69.9,72.4,67,68.22,12058,0
20150211,67.5,74.5,67,72.9,14338,0
20150212,74,79.33,62.02,78.77,81284,0
20150213,79.88,82.82,74.36,75,30501,0
20150216,74,74,68.5,72,24725,0
20150217,72,73.76,70.51,71.1,7165,0
20150218,71.9,74.99,71.01,71.23,8391,0
20150219,72.43,72.85,71,72,7317,0
20150220,72.45,72.48,70.4,72.27,5722,0
20150223,72.7,73.99,71.1,73.39,9996,0
20150224,73.5,73.98,71.3,72.47,5614,0
20150225,72.46,72.47,70.5,72.45,5372,0
20150226,71,71.7,70.5,70.97,7616,0
20150227,70.52,71.97,68.4,69,14944,0
20150302,68.51,69.7,67.18,68.28,10537,0
20150303,66.81,69.5,66.81,68.37,10493,0
20150304,69,69,68,68.05,6456,0
20150305,68.99,74.75,68.99,74.75,15915,0
20150306,73,75.5,72.32,73.29,14711,0
20150309,72.6,73.77,70,71.6,15228,0
20150310,72.44,73.5,71.3,73.29,6631,0
20150311,73,73.5,71.5,71.55,7328,0
20150312,71.55,72.77,71,72.77,4992,0
20150313,72.65,72.65,71.2,72.2,4041,0
20150316,71.5,72.2,71.22,72,7108,0
20150317,71.89,73.63,71.22,72.72,6931,0
20150318,72.5,72.5,70.7,71.6,4852,0
20150319,71.47,72.2,71,71.99,10300,0
20150320,71.03,71.99,70.81,71.49,4652,0
20150323,71.48,71.48,69.7,70,10657,0
20150324,70,70.88,69.5,70.88,8103,0
20150325,69.52,71.3,69.5,71.25,2111,0
20150326,70.21,74.47,70.21,74,14729,0
20150327,73.5,73.97,72.4,73.94,4373,0
20150330,72.4,72.9,71.53,71.6,5625,0
20150331,71.6,72.5,71,71.4,2347,0
20150401,73,73.44,71.1,72,5422,0
20150402,71.4,72.85,71,71.69,2264,0
20150407,71,71.29,70.1,70.26,5892,0
20150408,70.25,71.2,69.9,70.9,4280,0
20150409,70,71,70,70.9,3014,0
20150410,70.5,70.9,69.6,69.6,5135,0
20150413,69.5,70,67.99,67.99,5392,0
20150414,68.01,68.8,65,66,11813,0
20150415,65.8,66,62.11,66,13761,0
20150416,66.5,67.39,64.03,67.25,2241,0
20150417,65.8,67.25,64.35,65.03,2078,0
20150420,65.1,65.1,63.05,63.35,3480,0
20150421,63.1,64.5,62.5,64.38,2578,0
20150422,64.47,66.46,64,66.4,1858,0
20150423,66.99,67.48,62,63.6,4655,0
20150424,63,63.6,60.1,61.99,12542,0
20150427,61.52,61.52,57.4,57.5,15121,0
20150428,56,59.88,54.11,58.25,25533,0
20150429,60.5,61.39,60,60.03,7451,0
20150430,60,61.8,59.5,61.75,3424,0
20150504,60.3,61.75,60.3,61.01,6333,0
20150505,60.5,61.4,60.23,61.1,2111,0
20150506,61.08,62.95,61.08,62.44,2777,0
20150507,62.95,65.99,61.73,65.55,6253,0
20150508,67,67,64.7,66.15,2750,0
20150511,65.95,65.95,62.3,64,7503,0
20150512,62.15,63.68,61,62,7950,0
20150513,61.88,64.69,61,63.29,8519,0
20150514,62.2,66.6,62.2,65.02,11397,0
20150515,72,72.05,61.8,64,31851,0
20150518,63.51,64.77,62.1,63.5,2806,0
20150519,62.35,62.36,58.6,59,10883,0
20150520,59.3,59.91,58.25,59.5,3065,0
20150521,59.2,62.3,59.2,61.8,4248,0
20150522,61.8,61.98,61,61.49,2121,0
20150525,60.99,61,60,60.22,1818,0
20150526,60.04,60.5,59.28,60,1891,0
20150527,59.03,60,57.5,58,4191,0
20150528,58.44,64.95,58.44,63.45,21927,0
20150529,64.49,64.49,62,63,5101,0
20150601,63.1,67,63.1,66.89,10512,0
20150602,67.4,69.39,67.3,68.9,7600,0
20150603,68.76,69.9,66.9,66.9,8187,0
20150605,66.98,68.45,65.5,68.15,3642,0
20150608,67.79,67.79,65.1,66,2633,0
20150609,65.37,65.37,60.5,62.51,8422,0
20150610,61,64.35,60.51,64.2,8459,0
20150611,64.89,64.99,63.55,63.95,2551,0
20150612,64.69,67.78,63.5,65.48,4972,0
20150615,65.49,67,64,64.38,4782,0
20150616,64.16,64.38,62.3,63,2963,0
20150617,64.68,64.85,63,64,1444,0
20150618,63,64.5,62,64.5,3039,0
20150619,64.64,65.75,64,64.5,5241,0
20150622,65.01,70,65.01,67.5,20717,0
20150623,68,69.5,66.5,67.16,5101,0
20150624,66.8,67.16,65,65.5,6578,0
20150625,65,68.2,65,67.73,4250,0
20150626,68,69,66.55,67.29,2808,0
20150629,63.9,65.8,62,64.3,11480,0
20150630,64.9,65.98,63.85,65.4,2606,0
20150701,66.86,68.99,66.85,67.51,5380,0
20150702,68.61,74,68.61,71.49,19257,0
20150703,71.49,73.59,68.84,68.98,12561,0
20150706,68.01,72.99,68.01,71.17,7365,0
20150707,72.59,73.43,69.99,70,6232,0
20150708,70.01,72,69.03,71.9,4994,0
20150709,72,72,70.5,71.97,2970,0
20150710,72,72.74,70.5,72.7,7260,0
20150713,73.45,75.9,72,73.7,11442,0
20150714,73.85,73.99,72.02,73.4,2838,0
20150715,74.61,75.6,73.6,74.5,15056,0
20150716,75.52,76.4,75,75.42,9270,0
20150717,75.42,78.98,75.4,78.96,14201,0
20150720,80,83,79.1,81,40909,0
20150721,80.99,80.99,76.7,77.8,19011,0
20150722,77,77,73.05,74.03,14649,0
20150723,72.8,74.74,70.4,74.24,14463,0
20150724,74.1,74.1,70.3,70.3,12150,0
20150727,69.7,71.02,67.01,69.5,9645,0
20150728,69.5,72.4,68.02,71.85,4031,0
20150729,71.13,71.5,68.45,70.8,1755,0
20150730,69.8,71.25,69.04,70.6,1635,0
20150731,71.28,71.66,70.02,70.59,879,0
20150803,70.5,72.5,70.5,72.5,3749,0
20150804,72.5,73.49,71.5,71.5,1970,0
20150805,72.49,72.85,71.5,72.01,4394,0
20150806,72.85,72.89,71.5,72.4,4372,0
20150807,71.05,72.45,71.05,71.5,4308,0
20150810,72,77,71.5,72.5,12953,0
20150811,76,76.49,74,75,3883,0
20150812,75,77,73.5,74.02,5322,0
20150813,75,76.5,74,76.2,2919,0
20150814,76.58,76.58,74.04,75.48,2727,0
20150817,77.99,77.99,73.99,73.99,15883,0
20150818,73.12,75,70.34,70.51,12650,0
20150819,70.02,71.88,69.23,70,9846,0
20150820,70.5,73.5,69.59,72.44,9028,0
20150821,71,72.4,70.99,71.12,4275,0
20150824,69,69,59,65.45,32777,0
20150825,63.44,68.6,62.51,67.8,16474,0
20150826,67.79,71.9,65.2,69.4,6237,0
20150827,68.6,74.54,68.6,73.5,14301,0
20150828,74,74,65.54,69.5,11898,0
20150831,67.4,69.3,67,67.5,5107,0
20150901,66.8,67.97,65,66.28,7888,0
20150902,66.2,67.4,65,65,1508,0
20150903,65.06,67.17,64.94,67,4574,0
20150904,67.14,68.89,66.19,67.99,3113,0
20150907,67.99,67.99,65.6,66.89,1673,0
20150908,66.8,66.8,65.6,65.75,1753,0
20150909,65.56,66.69,65,65,5568,0
20150910,65,65,64.33,64.5,3032,0
20150911,64.95,64.95,62.65,62.71,9302,0
20150914,62.5,62.99,59,59,15312,0
20150915,59,65.9,58.25,64.9,6212,0
20150916,65.69,65.69,62.2,62.3,3559,0
20150917,62.31,63.95,62,63.94,2559,0
20150918,64.4,67,64.05,65,4688,0
20150921,65,65,63,63.5,1659,0
20150922,63.5,65.02,63,63.98,2635,0
20150923,64,64.8,63.21,64.54,431,0
20150924,64.86,64.86,63.1,63.7,640,0
20150925,64.87,66.48,64,66,1858,0
20150928,66.38,66.38,64,64.98,1698,0
20150929,64,65.35,63,64.49,5003,0
20150930,64,65.28,62.42,65.28,835,0
20151001,65.27,65.5,64,64,2472,0
20151002,65,65.4,64.3,65.4,2155,0
20151005,65.39,66.39,64.1,66,2553,0
20151006,65.5,66.39,63.2,66.39,4403,0
20151007,67,68.94,66.77,66.78,7362,0
20151008,67.3,67.5,67,67,1494,0
20151009,67,67.34,64.3,64.31,4580,0
20151012,65.8,65.88,62.02,63.72,9551,0
20151013,63,64.76,62.25,64.49,3009,0
20151014,64.85,66.36,64.5,65.36,4817,0
20151015,65.5,70,65.36,69.79,18476,0
20151016,70,72,69.35,70.8,8231,0
20151019,70.11,70.48,68.5,69.4,5013,0
20151020,69.6,69.8,68.5,69.8,3147,0
20151021,68.5,69,64.2,67,6926,0
20151022,67,69.7,67,69.7,5692,0
20151023,69.75,72,69.7,70.1,11206,0
20151026,70.11,70.9,68,70.2,2670,0
20151027,70.5,71.55,68,70.99,2072,0
20151028,70.99,71.5,70,70.95,5891,0
20151029,70.89,70.9,70,70.4,3286,0
20151030,70,71,69.2,71,2576,0
20151102,71.59,71.65,68.65,70.83,4664,0
20151103,70.8,71.99,69.1,71.4,3834,0
20151104,71.39,71.4,70.14,71.35,2287,0
20151105,71.34,72,70.16,70.93,11901,0
20151106,71.93,71.93,69.75,70.74,3606,0
20151109,70,71,69.6,70.68,3915,0
20151110,70.01,71.85,69.9,71.5,3946,0
20151112,71.85,71.85,70.01,70.02,2566,0
20151113,70,70.96,67.5,68.85,3906,0
20151116,67.6,69.3,67.01,68.92,1808,0
20151117,67.01,70.5,66.02,68.1,4029,0
20151118,68.2,70,67.53,69.99,2556,0
20151119,69.99,74.44,69.8,73.34,21181,0
20151120,73.35,73.92,71.51,72.2,2136,0
20151123,71.7,72,70,70.49,3113,0
20151124,70.39,70.48,68.61,68.8,4100,0
20151125,69.7,70,68,68,1586,0
20151126,68,68.7,67,67.5,3588,0
20151127,68.33,68.33,66.37,67.2,841,0
20151130,67.9,67.9,66.2,67.6,3915,0
20151201,67.6,67.6,66.32,67.49,2294,0
20151202,66.33,67.49,66.33,66.7,2497,0
20151203,66.9,67.5,66.6,67,3174,0
20151204,67.5,67.5,66.69,67,4121,0
20151207,67.5,70,66.72,68.88,2068,0
20151208,69,69.8,67.05,68.4,960,0
20151209,68.49,68.9,67.2,68.45,532,0
20151210,68.48,68.48,67,67.4,1159,0
20151211,67.9,68.49,66.5,68.39,965,0
20151214,67.02,68.38,62.2,63,5050,0
20151215,63.01,65.8,63.01,64.79,1026,0
20151216,64.01,66.9,64,66.85,1787,0
20151217,66.93,68.38,66.8,67.25,2209,0
20151218,68.1,69.79,66,67,5644,0
20151221,67,69.5,67,69.4,6242,0
20151222,69.98,72,69.91,71.4,6481,0
20151223,72,72.5,69.22,71.1,8559,0
20151228,70.01,71.85,70,70.16,8274,0
20151229,70.17,71.6,70.01,70.6,2660,0
20151230,71.1,71.1,70,70.6,1266,0
20160104,71,71,70,70,9282,0
20160105,70.01,75.9,70,73.8,17334,0
20160107,70.9,74,70.1,72.5,7530,0
20160108,72.51,73.5,70.23,72,5059,0
20160111,72.49,72.49,70.65,72.4,3429,0
20160112,72.4,74.97,72.4,73.4,5458,0
20160113,74.77,77.48,74.76,75.95,14031,0
20160114,75,75.95,73.5,75.2,3041,0
20160115,75.9,75.95,73.61,74.85,6371,0
20160118,74,74.75,73.1,73.8,1829,0
20160119,74.99,75.5,73.8,75.45,6593,0
20160120,75.44,75.44,72.87,73.9,14961,0
20160121,74.55,75.25,73,74,15044,0
20160122,74.6,75.44,74.1,74.9,2637,0
20160125,74.9,77.61,74.9,77.5,7715,0
20160126,78,82.49,78,82,17878,0
20160127,83.25,84.48,82,82.5,22002,0
20160128,83,83.5,79.65,81.51,36087,0
20160129,81.5,88.45,81,85.95,34148,0
20160201,87.5,87.77,84.1,86.66,20589,0
20160202,86.15,86.66,85.5,86,11460,0
20160203,85.15,85.9,84.5,85,16954,0
20160204,84.9,85.2,81.8,82,21336,0
20160205,81.7,83.89,78,79.5,23267,0
20160208,79,79,75.05,75.91,23301,0
20160209,76,76.5,73.61,75.8,8654,0
20160210,76.49,79.78,76,78.61,6535,0
20160211,79.3,79.3,74.4,76.4,5330,0
20160212,76.8,77.99,76,76.4,1336,0
20160215,76.4,77,75,76.4,1349,0
20160216,75.93,76.55,74,74.99,7382,0
20160217,74,74.44,71.25,74.39,11997,0
20160218,75.7,75.7,73.5,74,5511,0
20160219,73.02,73.6,72.1,73.5,5538,0
20160222,72.52,74.9,72.52,74.75,2469,0
20160223,74.75,75.85,74,75.7,1630,0
20160224,75.7,76,73.57,74.95,1673,0
20160225,74,74.95,73.8,74,4551,0
20160226,74.4,76.25,74.4,75.5,2348,0
20160229,75.5,76.15,74.5,74.5,4696,0
20160301,74.11,75.45,74.11,74.99,7050,0
20160302,75.77,76,74.5,75,1912,0
20160303,75.97,75.97,74,74.5,2381,0
20160304,74,74.7,74,74.1,2642,0
20160307,74.5,74.98,74,74.59,6976,0
20160308,75.2,78,75,78,7882,0
20160309,78.5,81.6,78,80.05,11526,0
20160310,80.45,81.7,78.6,80.78,8696,0
20160311,79.1,80.9,79.1,79.5,2965,0
20160314,79.62,81.5,79.3,80.8,3500,0
20160315,80.8,80.8,78.88,79.29,1882,0
20160316,79.49,80.2,79,80,2836,0
20160317,80.14,80.19,78.5,80.19,1597,0
20160318,80.15,80.8,78.7,80.7,3159,0
20160321,80.8,82.5,79.15,79.8,7192,0
20160322,75.51,78.5,74.5,78,11723,0
20160323,78.3,78.9,69,71,111714,0
20160324,69.99,72.29,68.11,71.81,11447,0
20160329,72.29,72.29,70.85,71.51,3663,0
20160330,71.55,72.35,71.55,72.2,4185,0
20160331,72.45,72.7,72,72.4,5717,0
20160401,71.98,72.01,71,71.35,6514,0
20160404,71,71.35,70.7,71,5037,0
20160405,70.63,70.66,70,70,6759,0
20160406,70,70.99,70,70,2435,0
20160407,69.91,70.2,69,70,3145,0
20160408,70.79,70.99,70,70.99,2753,0
20160411,70.9,70.9,70,70,3189,0
20160412,70.19,70.25,69.7,70,6044,0
20160413,70,70.4,69,69.4,8821,0
20160414,69.9,69.9,68.03,68.7,7948,0
20160415,68.5,70.34,68.5,70.34,8273,0
20160418,68.5,70.35,68.5,70.35,5411,0
20160419,70.5,71.7,70,70.61,2575,0
20160420,71.6,71.7,70.55,71,1847,0
20160421,71.5,72.68,70,70.06,6546,0
20160422,70.05,71,69.8,70.2,2097,0
20160425,71,71,69.5,69.65,2577,0
20160426,69.31,71,69,70.7,4086,0
20160427,70.4,71,70,70.01,1521,0
20160428,70,70.5,69.75,69.91,1525,0
20160429,70,71.1,69.25,71,3980,0
20160502,71,71,70,70.02,1974,0
20160504,70.69,70.69,70,70.5,2679,0
20160505,70,70.5,70,70,7519,0
20160506,70.14,70.14,69.85,70,3122,0
20160509,70,70.49,69,69,5312,0
20160510,69.1,70,68,70,3006,0
20160511,69.98,70,68.55,70,3907,0
20160512,69,69.5,69,69.11,294,0
20160513,69.1,69.5,65.41,68,3212,0
20160516,67.6,68.98,67.6,68.92,1094,0
20160517,71,71.5,70,70.97,9567,0
20160518,70.9,71.39,70,71.38,2766,0
20160519,71.37,72.6,71.37,72.58,6459,0
20160520,72.89,74,72.1,73.8,6223,0
20160523,74.2,76.3,74,75.67,6192,0
20160524,75.87,77.77,75.87,77.7,8061,0
20160525,77.76,78,75.15,75.7,2230,0
20160527,75.51,77.4,74,74,1998,0
20160530,74.01,74.01,71.85,72.7,5658,0
20160531,72.9,73.25,71.7,72,948,0
20160601,72,72,70,70.05,2158,0
20160602,72.44,74.74,70.51,74.69,9346,0
20160603,74.8,74.8,73.1,74.19,1340,0
20160606,73.99,73.99,72.3,72.5,1543,0
20160607,72.89,74.3,72.55,74,3113,0
20160608,73.97,73.97,72,72.35,5907,0
20160609,72.1,72.88,72,72.5,375,0
20160610,72,73.5,72,73.5,1431,0
20160613,71.6,73.95,71.6,73.8,3066,0
20160614,72.1,73.01,72.1,72.1,1480,0
20160615,72.2,73.6,72.2,73.6,1242,0
20160616,73.38,73.38,71.6,71.6,2399,0
20160617,71.51,72.9,71.51,71.8,1239,0
20160620,72.33,73.5,72.33,72.8,1599,0
20160621,73,73.5,72.8,73.39,1680,0
20160622,73.49,74.9,73.1,74.5,5038,0
20160623,74.7,76.2,74,76,7038,0
20160624,70.02,75.1,69.75,75,24791,0
20160627,75,75.89,74,75,5311,0
20160628,75.2,75.2,75,75.15,932,0
20160629,75,76.38,75,76.38,1721,0
20160630,76.4,77,75.5,76.99,5320,0
20160701,76.6,78,76,77.88,4850,0
20160704,77.48,79.8,77,79.8,11627,0
20160705,79.5,81.5,79.5,81.4,9493,0
20160706,82.9,86.49,81.9,83.3,18144,0
20160707,83.1,86,83.1,85,12364,0
20160708,84.9,84.9,81.67,82,6034,0
20160711,82.3,84.7,82.3,83.89,4154,0
20160712,83.99,86.2,83.5,85.84,7065,0
20160713,85.99,86,84.6,85.5,2966,0
20160714,85.5,85.5,84.32,84.32,1691,0
20160715,85,87.68,84.5,86.95,8516,0
20160718,87.39,87.39,85.2,85.9,2132,0
20160719,86,86,83.5,85.79,2261,0
20160720,85.8,90.35,85.51,89.9,15594,0
20160721,90.5,91.99,87.61,88,6374,0
20160722,87.98,91,87.21,90.5,9116,0
20160725,91,95,90,94.2,10215,0
20160726,94.98,96,92.11,93.5,8917,0
20160727,93.5,94,92,93.9,3296,0
20160728,92.32,92.41,91.56,91.77,3248,0
20160729,91.6,93.5,91.5,92.44,4852,0
20160801,92.5,94.7,92.44,93.98,4659,0
20160802,94,94.5,91.6,91.7,5720,0
20160803,92,93,89.51,90.9,3805,0
20160804,91.6,91.6,88.41,88.5,5916,0
20160805,90.8,92.46,88.5,92,3741,0
20160808,92.97,93.78,92,93.63,3035,0
20160809,93.64,95,92.65,94.1,1422,0
20160810,94,96,93.41,95.99,5431,0
20160811,96,101.95,95.99,99.89,11703,0
20160812,101,101.7,96.52,98.99,4423,0
20160816,100,102.4,98.5,102.4,5610,0
20160817,103.9,104.5,100,100,5216,0
20160818,101.9,101.9,97.2,98.51,5243,0
20160819,100,100.5,97.5,98.5,2909,0
20160822,98.5,99,97.55,97.58,6055,0
20160823,98.45,105,98,103.95,11788,0
20160824,104,104,103,104,3672,0
20160825,104,104,101,102.9,3795,0
20160826,101.35,104,101.35,103.45,3080,0
20160829,104.2,104.2,98.03,99.5,6995,0
20160830,99.51,102.25,95.44,101.4,31801,0
20160831,101.4,102.6,100.4,101.45,8677,0
20160901,96.8,100.45,96.8,99.75,6307,0
20160902,99.75,99.75,98.5,98.5,1717,0
20160905,98.49,113.5,97,112.55,18409,0
20160906,112.5,120.75,109,120,45700,0
20160907,122.4,125,117.1,121.9,23142,0
20160908,122.9,122.9,115.1,117.4,6429,0
20160909,117,117,108.1,116.4,8860,0
20160912,116.4,119.9,114.15,118.4,2909,0
20160913,118.4,128,118.4,126.25,8032,0
20160914,127.5,132.6,127.5,130.9,8899,0
20160915,131.2,132.8,123,124,11990,0
20160916,126,128,123,124.9,11247,0
20160919,127.85,127.85,119.05,120,5839,0
20160920,119.5,124.95,119.5,124,12643,0
20160921,124.9,124.9,120.3,123.3,4220,0
20160922,120.65,122.9,120,120.3,1744,0
20160923,120.3,121,116.5,121,5478,0
20160926,119,120,116,118.7,11093,0
20160927,117,118.5,115,115,3281,0
20160928,116,117,115.5,116.7,904,0
20160929,115,130,115,130,25245,0
20160930,129,130,127.3,129,4231,0
20161003,130,132.4,129.2,129.2,1621,0
20161004,127,129,123.15,123.15,7011,0
20161005,124,126,122.05,124.15,8874,0
20161006,124.15,127.95,124.15,125.9,1323,0
20161007,126,126.3,119,124.4,2006,0
20161010,124.4,124.4,121.6,124.2,594,0
20161011,122.6,125.5,119,122.5,4133,0
20161012,122.5,122.5,119,122.2,4117,0
20161013,121.7,125,118,119.45,9025,0
20161014,119.45,120.9,118.7,119.9,4402,0
20161017,120,121,119,119.85,4743,0
20161018,119.95,119.95,116.6,119,5071,0
20161019,119,119,117.1,118,11278,0
20161020,119,121,116.9,119,6704,0
20161021,119,120.2,117.4,119.4,11623,0
20161024,119.4,127,117.7,123.85,9469,0
20161025,126.4,126.4,119.25,119.9,6282,0
20161026,120,120.55,118,119.9,6757,0
20161027,119.8,120,117.5,119.8,17228,0
20161028,120.75,123.65,120.75,123,3729,0
20161031,124.9,124.9,123.3,124,626,0
20161102,124,124,118.4,118.4,2866,0
20161103,118.4,118.85,118.4,118.75,1252,0
20161104,118.6,120,118.45,118.6,824,0
20161107,118.6,118.7,118.45,118.5,723,0
20161108,118.7,119.9,118,118,911,0
20161109,117,121,115.5,120.6,2800,0
20161110,122.3,123.8,119.3,119.3,1877,0
20161114,119.3,122.45,118.6,118.6,1020,0
20161115,119,122,118,118.2,3303,0
20161116,118.2,119.7,118,119.55,4261,0
20161117,119.55,119.55,118.2,118.2,1250,0
20161118,118.2,121,117.75,121,5544,0
20161121,120.85,121.95,118,120.55,1803,0
20161122,119,123,119,122.5,1720,0
20161123,123,123,119.4,121,739,0
20161124,122.3,128.7,122.2,124.7,14167,0
20161125,126.8,127.6,123,126.4,3386,0
20161128,127.6,136,125.5,131,15587,0
20161129,133.95,134.5,132.1,132.5,9902,0
20161130,133.5,133.5,129.6,132.2,4546,0
20161201,132.8,133.35,130.65,132.2,3276,0
20161202,132.25,132.8,130.8,132.8,3094,0
20161205,134,139.45,134,138,8611,0
20161206,139.5,144.6,138,139.65,5601,0
20161207,143,143,138,138,6487,0
20161208,138,139,134.05,138.95,9153,0
20161209,138,139.6,135,137.3,4086,0
20161212,137.2,142.5,136.3,140.3,8170,0
20161213,142,146,140.55,145.9,6914,0
20161214,147,149,143,143.5,5351,0
20161215,143.5,148.55,143.5,147.3,3312,0
20161216,147.9,148.1,146,146.8,3494,0
20161219,146.65,146.65,136.5,139.9,12076,0
20161220,139,139,136,139,11130,0
20161221,138.8,142.9,137,142,13828,0
20161222,140,148.4,140,146,19953,0
20161223,147.5,147.6,145.4,146.5,12891,0
20161227,147.5,148,146.2,148,12172,0
20161228,147.95,148.5,147.15,148.2,15369,0
20161229,148.2,149,146.5,148.2,5004,0
20161230,146.9,147.8,146.5,146.8,6545,0
20170102,147,149,145.3,147.1,2668,0
20170103,147.15,148,145.8,147.1,4383,0
20170104,147.9,152.5,147.9,151.05,4327,0
20170105,152,153,151,153,4099,0
20170109,154,154,151,152.9,1996,0
20170110,153.9,153.9,150,150,7549,0
20170111,152.4,152.4,148.5,149.5,6474,0
20170112,150,150,141.75,144,10054,0
20170113,144,145,139,141,12748,0
20170116,142.5,145,140.2,144,8433,0
20170117,149,149,145.1,147,3585,0
20170118,147,147,145,146.5,2132,0
20170119,147,147,139.5,142,16224,0
20170120,143,143.2,139.5,142,12743,0
20170123,142.9,143,140,141.9,7996,0
20170124,141.75,141.75,140,140.1,13906,0
20170125,140.9,143.1,140.25,142.4,4646,0
20170126,143.55,143.55,140.05,140.5,7460,0
20170127,139.2,142.7,135.15,138.5,21188,0
20170130,139.70,139.70,133.50,138.35,19185.00,0
20170131,138.50,144.00,137.00,143.00,10659.00,0
20170201,144.00,144.00,142.05,143.00,1854.00,0
20170202,145.00,153.50,145.00,150.50,31227.00,0
20170203,145.00,153.50,144.60,153.00,17291.00,0
20170206,155.10,159.45,153.00,159.40,15271.00,0
20170207,160.00,161.50,158.90,159.70,6724.00,0
20170208,161.00,161.00,153.10,154.00,11239.00,0
20170209,156.40,160.90,155.10,160.75,8059.00,0
20170210,160.80,161.50,159.45,160.50,6468.00,0
20170213,161.00,165.30,161.00,164.50,7759.00,0
20170214,168.00,168.00,162.55,163.50,8197.00,0
20170215,164.00,164.00,155.45,162.20,6037.00,0
20170216,162.20,162.20,158.50,159.60,5642.00,0
20170217,159.10,161.95,158.50,158.50,6843.00,0
20170220,162.80,168.00,162.70,168.00,14162.00,0
20170221,172.20,187.90,172.20,186.90,48328.00,0
20170222,195.00,197.60,187.45,187.50,28169.00,0
20170223,190.05,194.35,190.05,194.00,11548.00,0
20170224,195.00,196.40,186.90,190.00,15667.00,0
20170227,190.00,194.00,190.00,191.00,9765.00,0
20170228,193.95,193.95,187.10,192.00,9131.00,0